10
0.950397 0.428752 0.866101 0.478187 0.0226809 0.275774 0.944421 0.153082 0.722757 0.569493 
0.781398 0.321212 0.656422 0.530473 0.0258387 0.70514 0.125235 0.141207 0.782182 0.256378 
0.375778 0.0727769 0.526494 0.244946 0.772092 0.670003 0.263588 0.667163 0.0955852 0.183715 
0.86006 0.0459818 0.612467 0.726161 0.524169 0.635148 0.00193527 0.46859 0.78823 0.724692 
0.0380832 0.569628 0.0459035 0.694505 0.100102 0.0717422 0.399645 0.225336 0.212949 0.181827 
0.481715 0.588727 0.254604 0.00820866 0.833673 0.0266962 0.678211 0.0972607 0.693859 0.773796 
0.280976 0.553919 0.819778 0.893442 0.28008 0.343947 0.52859 0.282015 0.812538 0.31682 
0.00670687 0.850621 0.886448 0.0526103 0.545126 0.98655 0.124353 0.944772 0.211886 0.337301 
0.126599 0.6936 0.926028 0.381203 0.701809 0.759702 0.407899 0.38002 0.856962 0.101758 
0.153817 0.137938 0.655677 0.973595 0.0313806 0.935756 0.317542 0.559971 0.217772 0.13008 
22.7107
17.1592
16.9688
24.8416
10.8193
21.8559
22.2112
21.9849
23.1741
17.9123
